0 1 1 
0 0 1 
1 1 1 
1 0 1 
0 1 0.8 
0 0 0.8 
0.5777777777777778 1 0.9 
0.5777777777777778 0 0.9 
0.5568039950062422 1 0.8 
0.5568039950062422 0 0.8 
0.7777777777777778 1 0.8 
0.7777777777777778 0 0.8 
0.7621643948781496 1 0.725 
0.7621643948781496 0 0.725 
1 1 0.725 
1 0 0.725 
0 1 0.6 
0 0 0.6 
0.17142857142857143 1 0.6 
0.17142857142857143 0 0.6 
0.14464285714285713 1 0.49999999999999994 
0.14464285714285713 0 0.49999999999999994 
0.2968888888888889 1 0.49999999999999994 
0.2968888888888889 0 0.49999999999999994 
0.2595555555555556 1 0.7 
0.2595555555555556 0 0.7 
0.5358302122347066 1 0.7 
0.5358302122347066 0 0.7 
0.5253433208489389 1 0.6499999999999999 
0.5253433208489389 0 0.6499999999999999 
0.7465510119785213 1 0.6499999999999999 
0.7465510119785213 0 0.6499999999999999 
0.7266005782734408 1 0.5541666666666666 
0.7266005782734408 0 0.5541666666666666 
1 1 0.5541666666666666 
1 0 0.5541666666666666 
0.9714285714285714 0 0.5541666666666666 
0.9714285714285714 0 0.5541666666666666 
0.9714285714285714 0.5 0.5541666666666666 
0 1 0.3999999999999999 
0 0 0.3999999999999999 
0.11785714285714284 1 0.3999999999999999 
0.11785714285714284 0 0.3999999999999999 
0.04642857142857143 1 0.1333333333333333 
0.04642857142857143 0 0.1333333333333333 
0.3653333333333334 1 0.1333333333333333 
0.3653333333333334 0 0.1333333333333333 
0.27822222222222226 1 0.6 
0.27822222222222226 0 0.6 
0.514856429463171 1 0.6 
0.514856429463171 0 0.6 
0.48514357053682894 1 0.4583333333333333 
0.48514357053682894 0 0.4583333333333333 
0.7066501445683603 1 0.4583333333333333 
0.7066501445683603 0 0.4583333333333333 
0.6332094175960349 1 0.10555555555555554 
0.6332094175960349 0 0.10555555555555554 
1 1 0.10555555555555554 
1 0 0.10555555555555554 
0.843609022556391 0 0.10555555555555554 
0.843609022556391 0 0.10555555555555554 
0.843609022556391 0.5 0.10555555555555554 
0 1 0.19999999999999996 
0 0 0.19999999999999996 
0.06428571428571428 1 0.19999999999999996 
0.06428571428571428 0 0.19999999999999996 
0.028571428571428574 1 0.06666666666666665 
0.028571428571428574 0 0.06666666666666665 
0.3777777777777778 1 0.06666666666666665 
0.3777777777777778 0 0.06666666666666665 
0.33111111111111113 1 0.31666666666666665 
0.33111111111111113 0 0.31666666666666665 
0.45543071161048687 1 0.31666666666666665 
0.45543071161048687 0 0.31666666666666665 
0.42222222222222217 1 0.15833333333333333 
0.42222222222222217 0 0.15833333333333333 
0.6441966129698473 1 0.15833333333333333 
0.6441966129698473 0 0.15833333333333333 
0.6222222222222223 1 0.05277777777777777 
0.6222222222222223 0 0.05277777777777777 
1 1 0.05277777777777777 
1 0 0.05277777777777777 
0.8285714285714286 0 0.05277777777777777 
0.8285714285714286 0 0.05277777777777777 
0.8285714285714286 0.5 0.05277777777777777 
0 1 0.0 
0 0 0.0 
1 1 0.0 
1 0 0.0 
0.2408888888888889 1 0.8 
0.2408888888888889 0 0.8 
0.22222222222222224 1 0.9 
0.22222222222222224 0 0.9 
